666 0 255 212 157
666 0 255 212 157
666 0 255 212 157
666 0 255 212 157
666 0 255 212 157
666 0 255 212 157
666 0 255 212 157
666 0 255 212 157
666 0 255 212 157
666 0 255 212 157
666 0 255 212 157
666 0 255 212 157
666 0 255 212 157
666 0 255 212 157
666 0 255 212 157
666 0 255 212 157
667 0 255 255 255
667 1 255 194 217
667 2 236 197 241
667 3 219 203 243
667 4 207 209 243
667 5 196 230 255
667 6 188 237 255
667 7 187 243 253
667 8 187 231 229
667 9 210 238 210
667 10 231 245 209
667 11 252 253 204
667 12 255 255 205
667 13 255 244 187
667 14 255 232 186
667 15 255 211 196
668 0 251 112 0
668 1 255 212 219
668 2 251 160 161
668 3 255 148 185
668 4 216 152 226
668 5 188 163 229
668 6 167 174 228
668 7 255 250 123
668 8 135 220 255
668 9 134 230 244
668 10 134 210 205
668 11 173 222 174
668 12 207 233 172
668 13 241 247 163
668 14 255 254 164
668 15 255 232 136
669 0 164 40 184
669 1 255 177 151 
669 2 226 211 209
669 3 0 0 0
669 4 240 119 120
669 5 1 161 240
669 6 195 108 209
669 7 156 121 214
669 8 127 139 212
669 9 105 187 255
669 10 83 202 255
669 11 81 215 235
669 12 81 189 180
669 13 135 206 138
669 14 183 221 135
669 15 231 239 122
670 0 151 209 255
670 1 255 221 82
670 2 255 190 80
670 3 255 143 105
670 4 197 176 171
670 5 250 247 249
670 6 251 86 84
670 7 248 66 127
670 8 179 74 196
670 9 132 90 203
670 10 97 111 200
670 11 69 171 255
670 12 43 189 255 
670 13 40 205 228 
670 14 40 172 161
670 15 107 194 111
671 0 255 223 67
671 1 222 233 91
671 2 255 247 92
671 3 255 209 42
671 4 255 173 40
671 5 255 116 70
671 6 169 141 133 
671 7 235 232 234
671 8 255 69 56
671 9 244 31 103
671 10 255 211 134
671 11 108 60 191
671 12 66 84 189
671 13 35 155 254
671 14 3 175 255
671 15 0 195 221
672 0 215 228 60
672 1 80 181 84
672 2 146 202 77
672 3 0 155 142
672 4 255 243 62
672 5 255 200 7
672 6 255 157 0
672 7 255 90 36
672 8 148 114 103
672 9 82 54 48
672 10 240 59 55
672 11 227 28 100
672 12 149 37 178
672 13 99 55 185
672 14 60 76 179
672 15 255 113 0
673 0 252 102 152
673 1 0 178 202
673 2 0 142 128
673 3 70 166 74 
673 4 130 185 69
673 5 201 209 53
673 6 255 224 55
673 7 255 185 0
673 8 255 145 0
673 9 255 84 31
673 10 127 88 75
673 11 166 164 165
673 12 221 49 49
673 13 204 25 95
673 14 129 32 169
673 15 85 47 175
674 0 102 100 101
674 1 26 122 219
674 2 2 141 218
674 3 0 156 174
674 4 0 125 112
674 5 59 147 63
674 6 109 165 58
674 7 184 186 45
674 8 255 199 47
674 9 255 166 0
674 10 255 128 0
674 11 241 77 26
674 12 114 79 68
674 13 123 121 122
674 14 175 255 245
674 15 182 21 91
675 0 198 196 197 
675 1 72 40 167
675 2 42 55 154
675 3 22 105 200
675 4 2 123 197
675 5 0 136 149
675 6 0 109 96
675 7 187 255 93
675 8 89 144 49
675 9 166 163 38
675 10 255 174 39
675 11 255 148 0
675 12 228 252 255
675 13 227 69 22
675 14 255 242 0
675 15 50 65 166
676 0 0 198 172
676 1 143 15 82
676 2 78 21 146
676 3 51 28 152
676 4 27 36 132
676 5 14 74 168
676 6 1 90 162
676 7 0 99 104
676 8 0 80 67
676 9 28 97 33
676 10 54 109 31
676 11 136 123 24
676 12 255 132 24
676 13 255 115 0
676 14 241 84 0
676 15 200 56 13
677 0 111 28 161
677 1 69 68 69
677 2 233 0 0
677 3 207 18 102
677 4 178 0 255
677 5 103 0 244
677 6 50 82 255
677 7 43 102 255
677 8 0 150 244
677 9 0 191 221
677 10 192 29 29
677 11 0 207 87
677 12 105 229 24
677 13 183 242 0
677 14 255 222 0
677 15 255 177 0
678 0 31 141 239
678 1 232 46 0
678 2 65 40 37
678 3 0 0 0
678 4 255 24 71
678 5 255 0 91
678 6 223 0 255
678 7 106 32 255
678 8 64 93 255
678 9 43 125 255
678 10 0 182 255
678 11 0 237 255 
678 12 30 241 190 
678 13 0 238 123
678 14 124 255 3
678 15 208 255 0
679 0 98 66 57
679 1 255 203 0
679 2 255 150 0
679 3 255 63 0
679 4 248 248 252
679 5 101 129 145
679 6 255 85 86
679 7 255 66 135
679 8 235 66 255
679 9 130 80 255
679 10 87 113 255
679 11 71 143 255
679 12 67 203 255
679 13 25 255 255
679 14 105 255 228
679 15 110 249 182
680 0 48 129 52
680 1 250 255 68
680 2 255 255 0
680 3 164 211 105
680 4 255 177 67
680 5 255 114 67
680 6 217 224 230
680 7 88 114 127
680 8 255 143 134
680 9 255 133 179
680 10 246 133 255
680 11 188 141 255
680 12 147 164 255
680 13 136 183 255
680 14 134 224 255
680 15 139 255 255
681 0 208 41 42
681 1 194 255 211
681 2 214 255 150
681 3 255 255 135
681 4 255 255 147
681 5 255 237 133
681 6 255 216 134
681 7 255 164 134
681 8 151 170 182
681 9 58 74 82
681 10 255 232 237
681 11 255 224 237
681 12 251 221 254
681 13 243 232 255
681 14 234 234 255
681 15 225 242 255
682 0 35 34 34
682 1 219 254 255
682 2 219 249 247
682 3 232 251 232
682 4 249 255 233
682 5 255 255 229
682 6 255 255 231
682 7 255 253 222
682 8 255 248 225
682 9 255 235 234
682 10 126 149 163
682 11 40 52 58
682 12 0 0 0
682 13 0 0 0
682 14 0 0 0
682 15 0 0 0